// MilkShape 3D ASCII

Frames: 30
Frame: 1

Meshes: 1
"Object05" 0 0
20
0 -96.000000 -15.550743 15.693780 0.000000 0.000000 -1
0 -64.000000 -15.550743 15.693780 1.000000 0.000000 -1
0 -64.000000 16.449257 15.693778 1.000000 -1.000000 -1
0 -96.000000 16.449257 15.693778 0.000000 -1.000000 -1
0 -16.000000 -15.550743 15.693780 0.000000 0.000000 -1
0 16.000000 -15.550743 15.693780 1.000000 0.000000 -1
0 16.000000 16.449257 15.693778 1.000000 -1.000000 -1
0 -16.000000 16.449257 15.693778 0.000000 -1.000000 -1
0 24.000000 -15.550743 15.693780 0.000000 0.000000 -1
0 56.000000 -15.550743 15.693780 1.000000 0.000000 -1
0 56.000000 16.449257 15.693778 1.000000 -1.000000 -1
0 24.000000 16.449257 15.693778 0.000000 -1.000000 -1
0 64.000000 -15.550743 15.693780 0.000000 0.000000 -1
0 96.000000 -15.550743 15.693780 1.000000 0.000000 -1
0 96.000000 16.449257 15.693778 1.000000 -1.000000 -1
0 64.000000 16.449257 15.693778 0.000000 -1.000000 -1
0 -56.000000 -15.550743 15.693780 0.000000 0.000000 -1
0 -24.000000 -15.550743 15.693780 1.000000 0.000000 -1
0 -24.000000 16.449257 15.693778 1.000000 -1.000000 -1
0 -56.000000 16.449257 15.693778 0.000000 -1.000000 -1
1
0.000000 0.000000 0.000000
10
0 0 1 2 0 0 0 4
0 2 3 0 0 0 0 4
0 4 5 6 0 0 0 4
0 6 7 4 0 0 0 4
0 8 9 10 0 0 0 4
0 10 11 8 0 0 0 4
0 12 13 14 0 0 0 4
0 14 15 12 0 0 0 4
0 16 17 18 0 0 0 4
0 18 19 16 0 0 0 4

Materials: 1
"2 - Default"
0.588235 0.588235 0.588235 1.000000
0.588235 0.588235 0.588235 1.000000
0.898039 0.898039 0.898039 1.000000
0.000000 0.000000 0.000000 1.000000
0.100000
1.000000
".\box light.png"
""

Bones: 0
