// MilkShape 3D ASCII

Frames: 30
Frame: 1

Meshes: 10
"Box03" 0 0
16
0 64.000000 -15.550743 15.693780 1.000000 1.000000 -1
0 64.000000 -15.550745 -16.306221 1.000000 0.500000 -1
0 96.000000 -15.550745 -16.306221 0.000000 0.500000 -1
0 96.000000 -15.550743 15.693780 0.000000 1.000000 -1
0 64.000000 16.449257 15.693778 0.000000 1.000000 -1
0 96.000000 16.449257 15.693778 1.000000 1.000000 -1
0 96.000000 16.449255 -16.306221 1.000000 0.500000 -1
0 64.000000 16.449255 -16.306221 0.000000 0.500000 -1
0 96.000000 -15.550745 -16.306221 1.000000 1.000000 -1
0 96.000000 16.449257 15.693778 0.000000 0.500000 -1
0 96.000000 -15.550745 -16.306221 0.000000 1.000000 -1
0 64.000000 -15.550745 -16.306221 1.000000 1.000000 -1
0 64.000000 16.449255 -16.306221 1.000000 0.500000 -1
0 96.000000 16.449255 -16.306221 0.000000 0.500000 -1
0 64.000000 -15.550745 -16.306221 0.000000 1.000000 -1
0 64.000000 16.449257 15.693778 1.000000 0.500000 -1
1
0.000000 0.000000 0.000000
10
0 0 1 2 0 0 0 2
0 2 3 0 0 0 0 2
0 4 5 6 0 0 0 3
0 6 7 4 0 0 0 3
0 3 8 6 0 0 0 5
0 6 9 3 0 0 0 5
0 10 11 12 0 0 0 6
0 12 13 10 0 0 0 6
0 14 0 15 0 0 0 7
0 15 7 14 0 0 0 7
"Object03" 0 0
4
0 64.000000 -15.550743 15.693780 0.000000 0.500000 -1
0 96.000000 -15.550743 15.693780 1.000000 0.500000 -1
0 96.000000 16.449257 15.693778 1.000000 0.000000 -1
0 64.000000 16.449257 15.693778 0.000000 0.000000 -1
1
0.000000 0.000000 0.000000
2
0 0 1 2 0 0 0 4
0 2 3 0 0 0 0 4
"Box02" 0 0
16
0 24.000000 -15.550743 15.693780 1.000000 1.000000 -1
0 24.000000 -15.550745 -16.306221 1.000000 0.500000 -1
0 56.000000 -15.550745 -16.306221 0.000000 0.500000 -1
0 56.000000 -15.550743 15.693780 0.000000 1.000000 -1
0 24.000000 16.449257 15.693778 0.000000 1.000000 -1
0 56.000000 16.449257 15.693778 1.000000 1.000000 -1
0 56.000000 16.449255 -16.306221 1.000000 0.500000 -1
0 24.000000 16.449255 -16.306221 0.000000 0.500000 -1
0 56.000000 -15.550745 -16.306221 1.000000 1.000000 -1
0 56.000000 16.449257 15.693778 0.000000 0.500000 -1
0 56.000000 -15.550745 -16.306221 0.000000 1.000000 -1
0 24.000000 -15.550745 -16.306221 1.000000 1.000000 -1
0 24.000000 16.449255 -16.306221 1.000000 0.500000 -1
0 56.000000 16.449255 -16.306221 0.000000 0.500000 -1
0 24.000000 -15.550745 -16.306221 0.000000 1.000000 -1
0 24.000000 16.449257 15.693778 1.000000 0.500000 -1
1
0.000000 0.000000 0.000000
10
0 0 1 2 0 0 0 2
0 2 3 0 0 0 0 2
0 4 5 6 0 0 0 3
0 6 7 4 0 0 0 3
0 3 8 6 0 0 0 5
0 6 9 3 0 0 0 5
0 10 11 12 0 0 0 6
0 12 13 10 0 0 0 6
0 14 0 15 0 0 0 7
0 15 7 14 0 0 0 7
"Object02" 0 0
4
0 24.000000 -15.550743 15.693780 0.000000 0.500000 -1
0 56.000000 -15.550743 15.693780 1.000000 0.500000 -1
0 56.000000 16.449257 15.693778 1.000000 0.000000 -1
0 24.000000 16.449257 15.693778 0.000000 0.000000 -1
1
0.000000 0.000000 0.000000
2
0 0 1 2 0 0 0 4
0 2 3 0 0 0 0 4
"Box04" 0 0
16
0 -56.000000 -15.550743 15.693780 1.000000 1.000000 -1
0 -56.000000 -15.550745 -16.306221 1.000000 0.500000 -1
0 -24.000000 -15.550745 -16.306221 0.000000 0.500000 -1
0 -24.000000 -15.550743 15.693780 0.000000 1.000000 -1
0 -56.000000 16.449257 15.693778 0.000000 1.000000 -1
0 -24.000000 16.449257 15.693778 1.000000 1.000000 -1
0 -24.000000 16.449255 -16.306221 1.000000 0.500000 -1
0 -56.000000 16.449255 -16.306221 0.000000 0.500000 -1
0 -24.000000 -15.550745 -16.306221 1.000000 1.000000 -1
0 -24.000000 16.449257 15.693778 0.000000 0.500000 -1
0 -24.000000 -15.550745 -16.306221 0.000000 1.000000 -1
0 -56.000000 -15.550745 -16.306221 1.000000 1.000000 -1
0 -56.000000 16.449255 -16.306221 1.000000 0.500000 -1
0 -24.000000 16.449255 -16.306221 0.000000 0.500000 -1
0 -56.000000 -15.550745 -16.306221 0.000000 1.000000 -1
0 -56.000000 16.449257 15.693778 1.000000 0.500000 -1
1
0.000000 0.000000 0.000000
10
0 0 1 2 0 0 0 2
0 2 3 0 0 0 0 2
0 4 5 6 0 0 0 3
0 6 7 4 0 0 0 3
0 3 8 6 0 0 0 5
0 6 9 3 0 0 0 5
0 10 11 12 0 0 0 6
0 12 13 10 0 0 0 6
0 14 0 15 0 0 0 7
0 15 7 14 0 0 0 7
"Object04" 0 0
4
0 -56.000000 -15.550743 15.693780 0.000000 0.500000 -1
0 -24.000000 -15.550743 15.693780 1.000000 0.500000 -1
0 -24.000000 16.449257 15.693778 1.000000 0.000000 -1
0 -56.000000 16.449257 15.693778 0.000000 0.000000 -1
1
0.000000 0.000000 0.000000
2
0 0 1 2 0 0 0 4
0 2 3 0 0 0 0 4
"Box05" 0 0
16
0 -96.000000 -15.550743 15.693780 1.000000 1.000000 -1
0 -96.000000 -15.550745 -16.306221 1.000000 0.500000 -1
0 -64.000000 -15.550745 -16.306221 0.000000 0.500000 -1
0 -64.000000 -15.550743 15.693780 0.000000 1.000000 -1
0 -96.000000 16.449257 15.693778 0.000000 1.000000 -1
0 -64.000000 16.449257 15.693778 1.000000 1.000000 -1
0 -64.000000 16.449255 -16.306221 1.000000 0.500000 -1
0 -96.000000 16.449255 -16.306221 0.000000 0.500000 -1
0 -64.000000 -15.550745 -16.306221 1.000000 1.000000 -1
0 -64.000000 16.449257 15.693778 0.000000 0.500000 -1
0 -64.000000 -15.550745 -16.306221 0.000000 1.000000 -1
0 -96.000000 -15.550745 -16.306221 1.000000 1.000000 -1
0 -96.000000 16.449255 -16.306221 1.000000 0.500000 -1
0 -64.000000 16.449255 -16.306221 0.000000 0.500000 -1
0 -96.000000 -15.550745 -16.306221 0.000000 1.000000 -1
0 -96.000000 16.449257 15.693778 1.000000 0.500000 -1
1
0.000000 0.000000 0.000000
10
0 0 1 2 0 0 0 2
0 2 3 0 0 0 0 2
0 4 5 6 0 0 0 3
0 6 7 4 0 0 0 3
0 3 8 6 0 0 0 5
0 6 9 3 0 0 0 5
0 10 11 12 0 0 0 6
0 12 13 10 0 0 0 6
0 14 0 15 0 0 0 7
0 15 7 14 0 0 0 7
"Object05" 0 0
4
0 -96.000000 -15.550743 15.693780 0.000000 0.500000 -1
0 -64.000000 -15.550743 15.693780 1.000000 0.500000 -1
0 -64.000000 16.449257 15.693778 1.000000 0.000000 -1
0 -96.000000 16.449257 15.693778 0.000000 0.000000 -1
1
0.000000 0.000000 0.000000
2
0 0 1 2 0 0 0 4
0 2 3 0 0 0 0 4
"Object01" 0 0
4
0 -16.000000 -15.550743 15.693780 0.000000 0.500000 -1
0 16.000000 -15.550743 15.693780 1.000000 0.500000 -1
0 16.000000 16.449257 15.693778 1.000000 0.000000 -1
0 -16.000000 16.449257 15.693778 0.000000 0.000000 -1
1
0.000000 0.000000 0.000000
2
0 0 1 2 0 0 0 4
0 2 3 0 0 0 0 4
"Box01" 0 0
16
0 -16.000000 -15.550743 15.693780 1.000000 1.000000 -1
0 -16.000000 -15.550745 -16.306221 1.000000 0.500000 -1
0 16.000000 -15.550745 -16.306221 0.000000 0.500000 -1
0 16.000000 -15.550743 15.693780 0.000000 1.000000 -1
0 -16.000000 16.449257 15.693778 0.000000 1.000000 -1
0 16.000000 16.449257 15.693778 1.000000 1.000000 -1
0 16.000000 16.449255 -16.306221 1.000000 0.500000 -1
0 -16.000000 16.449255 -16.306221 0.000000 0.500000 -1
0 16.000000 -15.550745 -16.306221 1.000000 1.000000 -1
0 16.000000 16.449257 15.693778 0.000000 0.500000 -1
0 16.000000 -15.550745 -16.306221 0.000000 1.000000 -1
0 -16.000000 -15.550745 -16.306221 1.000000 1.000000 -1
0 -16.000000 16.449255 -16.306221 1.000000 0.500000 -1
0 16.000000 16.449255 -16.306221 0.000000 0.500000 -1
0 -16.000000 -15.550745 -16.306221 0.000000 1.000000 -1
0 -16.000000 16.449257 15.693778 1.000000 0.500000 -1
1
0.000000 0.000000 0.000000
10
0 0 1 2 0 0 0 2
0 2 3 0 0 0 0 2
0 4 5 6 0 0 0 3
0 6 7 4 0 0 0 3
0 3 8 6 0 0 0 5
0 6 9 3 0 0 0 5
0 10 11 12 0 0 0 6
0 12 13 10 0 0 0 6
0 14 0 15 0 0 0 7
0 15 7 14 0 0 0 7

Materials: 1
"1 - Default"
0.584314 0.584314 0.584314 1.000000
0.584314 0.584314 0.584314 1.000000
0.898039 0.898039 0.898039 1.000000
0.000000 0.000000 0.000000 1.000000
0.100000
1.000000
".\box cans.png"
""

Bones: 0
